01 02          06             11          15                               26                     -----         04                                    -----
                     08    10 11                                     24    26 27                  -----      03                                       -----
   02 03                                           18       21    23                   30         -----                                             16-----
                                                      19 20                26    28    30    32   -----                                          15   -----
01                               12       15                         24       27       30         -----                                 12            -----
                  07                   14                            24 25 26          30         -----                              11               -----
               06             11 12       15             20          24                           -----         04                                    -----
      03 04 05                                  17       20    22                                 -----                        09                     -----
                  07    09             14    16          20    22                                 -----01                                             -----
01                            11                            21 22                   29       32   -----                                       14      -----
   02    04             09             14       17                                              33-----                              11               -----
01                         10 11          15                      23             28               -----         04                                    -----
                                                         20    22    24          28 29       32   -----                                 12            -----
                        09                      17                   24 25          29    31      -----                  07                           -----
      03 04                               15             20                         29    31      -----      03                                       -----
   02                08    10          14                                  26 27                  -----         04                                    -----
                              11                                     24                30 31 32 33-----            05                                 -----
         04             09                      17    19    21                27                  -----               06                              -----
   02          06 07          11       14       17                                                -----                                       14      -----
                  07 08    10          14                      22                         31      -----                                             16-----
                        09                15                21 22       25                31      -----01                                             -----
                     08             13 14                         23    25          29            -----                                          15   -----
         04          08    10 11                17             22                                 -----                                          15   -----
                              11                17    19          23 24                30         -----                                       14      -----
      03                      11          15 16                         25             30         -----                        09                     -----
               06    08          12             17       20                                     33-----                                 12            -----
01             06                                  18                24 25                   32   -----                                             16-----
         04          08             13                            23 24                         33-----                                          15   -----
01          05                               16    18          22    24                           -----                                 12            -----
01                         10             15 16                   23    25                        -----                                 12            -----
